100
1
2
-2
5
-1
-2
-1
8
3
-1
9
4
-2
3
2
4
3
9
2
-1
-1
-2
1
3
-2
4
1
4
-1
1
9
-1
-2
5
-1
5
5
-2
6
6
7
7
2
8
9
-1
7
4
6
9
9
9
-1
5
1
3
3
-1
5
9
7
4
8
-1
-2
1
3
2
9
3
-1
-2
8
8
7
5
-2
6
8
4
6
2
7
2
-1
7
-2
3
3
2
-2
6
9
8
1
-2
-1
1
4
7
200
2	-57	-58
2	-72	91
2	-55	35
2	-20	29
2	51	70
2	-61	88
2	-62	99
2	52	17
2	-75	-32
2	91	-22
2	54	33
2	-45	-59
2	47	-48
2	53	-98
2	-91	83
2	81	12
2	-34	-90
2	-79	-82
2	-15	-86
2	-24	66
2	-35	35
2	3	31
2	87	93
2	2	-19
2	87	-93
2	24	-10
2	84	-53
2	86	87
2	-88	-18
2	-51	89
2	96	66
2	-77	-94
2	-39	-1
2	89	51
2	-23	-72
2	27	24
2	53	-80
2	52	-33
2	32	4
2	78	-55
2	-25	18
2	-23	47
2	79	-5
2	-23	-22
2	14	-25
2	-11	69
2	63	36
2	35	-99
2	-24	82
2	-29	-98
2	-50	-70
2	72	95
2	80	80
2	-68	-40
2	65	70
2	-92	78
2	-45	-63
2	1	34
2	81	50
2	14	91
2	-77	-54
2	13	-88
2	24	37
2	-12	59
2	-48	-62
2	57	-22
2	-8	85
2	48	71
2	12	1
2	-20	36
2	-32	-14
2	39	46
2	-41	75
2	13	-23
2	98	10
2	-88	64
2	50	37
2	-95	-32
2	46	-91
2	10	79
2	-11	43
2	-94	98
2	79	42
2	51	71
2	4	-30
2	2	74
2	4	10
2	61	98
2	57	98
2	46	43
2	-16	72
2	53	-69
2	54	-96
2	22	0
2	-7	92
2	-69	80
2	68	-73
2	-24	-92
2	-21	82
2	32	-1
2	-6	16
2	15	-29
2	70	-66
2	-85	80
2	50	-3
2	6	13
2	-30	-98
2	-30	59
2	-67	40
2	17	72
2	79	82
2	89	-100
2	2	79
2	-95	-46
2	17	68
2	-46	81
2	-5	-57
2	7	58
2	-42	68
2	19	-95
2	-17	-76
2	81	-86
2	79	78
2	-82	-67
2	6	0
2	35	-16
2	98	83
2	-81	100
2	-11	46
2	-21	-38
2	-30	-41
2	86	18
2	-68	6
2	80	75
2	-96	-44
2	-19	66
2	21	84
2	-56	-64
2	39	-15
2	0	45
2	-81	-54
2	-66	-93
2	-4	2
2	-42	-67
2	-15	-33
2	1	-32
2	-74	-24
2	7	18
2	-62	84
2	19	61
2	39	79
2	60	-98
2	-76	45
2	58	-98
2	33	26
2	-74	-95
2	22	30
2	-68	-62
2	-59	4
2	-62	35
2	-78	80
2	-82	54
2	-42	81
2	56	-15
2	32	-19
2	34	93
2	57	-100
2	-1	-87
2	68	-26
2	18	86
2	-55	-19
2	-68	-99
2	-9	47
2	24	94
2	92	97
2	5	67
2	97	-71
2	63	-57
2	-52	-14
2	-86	-78
2	-17	92
2	-61	-83
2	-84	-10
2	20	13
2	-68	-47
2	7	28
2	66	89
2	-41	-17
2	-14	-46
2	-72	-91
2	4	52
2	-17	-59
2	-85	-46
2	-94	-23
2	-48	-3
2	-64	-37
2	2	26
2	76	88
2	-8	-46
2	-19	-68
