5000
10000
533919999
105186767
747039178
765175689
447143027
537050457
494527653
382829107
587564467
657763741
216265876
834868001
949885479
451812436
855242286
191151472
331769118
523117311
750950222
827549618
130407152
921018083
822727326
17235394
326568278
629029881
212100473
950978233
880702858
314253755
374593349
579144457
120106070
491553934
306314093
37129049
163011529
200756446
647682866
760431145
59810302
780863108
463270794
570690318
20363205
344392642
831718369
328187162
683373897
566001862
860612975
69212248
654604794
268843897
946497791
77584946
481955587
100838217
941799222
940143963
377130706
430682387
548144104
854947098
196593025
878233690
416678194
254028370
566940339
384238273
259499036
398886904
540159047
792266490
380102365
305858504
169793945
968400885
460444922
119491274
683679953
507221808
888567344
839214118
339323380
627458467
800750313
931099193
454181041
177060454
654750046
794804875
417245706
873001732
866804110
925083787
77213436
862427117
321373746
513880313
655722316
719051736
198001047
279185823
486651873
640754449
557770793
472769279
272702640
220095916
341620251
861470030
697448117
606185730
932604063
840940107
350407620
495898255
639268928
88591548
513800853
902004582
674555205
960824780
542605509
20440401
201626564
725357422
460696380
846494353
320602388
857471361
747367315
468096268
91448954
611462724
801789977
512278451
779274340
254644310
596457363
846839482
404433821
689614490
726130455
986169302
933832913
408846885
743345515
660848941
352860036
277702231
982727945
352810928
512736578
266331522
224619761
876884944
48501458
649149498
914649330
890596015
968404019
52554399
381579486
606416978
602401762
455851100
216356505
72754724
631391555
665765211
484086774
430955260
489709552
891849257
827553769
157081179
135839946
49722147
847737386
492651536
633379769
20804573
485616547
37265512
116202799
781862160
758969981
11545313
503847863
261354186
347264950
978275334
273081137
197480902
965210298
683050811
488367235
755448098
999294301
277148419
92272295
882162040
282376213
70739448
290672015
931361438
392780889
779125761
752394401
600069302
626468278
760775622
707038850
330740705
266009326
647332174
805268293
233800708
863949183
919092345
671822106
164968643
958129336
847427365
102971415
474451386
32396206
206853463
347297755
419716713
787546383
732387163
324041199
941875848
900372839
403270272
103067997
438750285
962048149
200827948
336208836
790022899
453197191
944676572
262329906
684966526
912969286
302959925
182193058
358936840
24192606
412730373
77625410
329471342
475416150
546590579
338103138
738839219
19682803
452658165
645402686
490578685
120463279
97030962
727128122
86508706
496891137
888578846
552847254
180584385
356868203
349963393
706392962
481631175
30769169
605500626
322510276
145095940
697802763
701195521
233403762
319751624
782474744
680907206
586965800
102300299
769131528
130561546
749940323
761261088
714340427
600050902
373231151
777205330
654330383
930405012
92139862
968859099
710768678
975342650
354811263
244504225
891302599
632024882
248793694
91873720
80088600
838292959
939672265
835361017
655365009
645900235
787591356
369177398
473895663
484375446
874819669
872543654
10606608
937631206
614576024
59429846
759053698
502297032
76847504
974677069
358383083
741820209
50203465
702698424
890969843
755323839
511571019
266587219
409416502
661595925
622239064
418098067
281279049
458766082
987559369
48928373
152639051
896457570
452288642
625922023
708569970
548438392
222087896
667507997
129543478
151875377
273975081
804647096
113635851
388811869
468925805
660305879
503832536
349097797
411782035
623456996
963096715
435209526
662869124
772096438
233359036
68764757
146463234
196172125
120753748
904053921
815781953
481407273
696644243
42413049
555075239
677181986
445627761
130511458
282716278
497252576
375828572
771267534
218204898
645989637
928072636
573782265
981779550
322883222
706004373
563205030
515499650
276803401
622050529
624166763
930540357
386189483
710802764
110771386
668750916
435341752
891022181
630890472
289521013
637306880
822357030
369509275
989198894
517618417
682067952
165986482
206182153
141047470
29175547
128390340
897639664
34746176
636071289
22244959
755016164
602214276
396755448
665192205
728944354
111188150
950022490
969026767
860181700
737746387
84887803
151189334
146743766
996358113
519459186
805343406
554235188
989959896
155684157
685008507
834642150
895246439
67832409
625859789
460274289
535146146
888085068
114294603
596363274
661105519
936794074
539226650
973018412
207240462
26236840
111249449
567086405
596272226
828850266
783659997
580545291
718460860
478139115
55258600
161990980
628625640
394821961
771688191
215647061
131546528
145117107
117417964
528904807
73205373
639302745
156366027
408789862
255073373
227948355
554070061
66552038
639319842
858482474
963592595
607237962
907871839
900291398
494126886
2466639
530143526
327862267
822498908
92739661
446578138
720890173
960372020
954087164
569750541
760760674
504452910
359680604
261302859
532472729
196157058
749804613
997243379
396001410
189024881
789303827
117699264
550619821
533743188
823638286
283504632
718822075
995728473
917131764
870885874
671160715
411431681
313954905
797671663
705955567
571503466
925954408
571581833
797103870
903388924
126846812
447812086
896926349
127755503
580066921
792291006
132870301
936159014
177066433
948333220
522615861
683245919
72714770
274168055
672963082
932979795
58078347
597922648
826345483
783414994
36187993
603470234
366859730
140151348
934255979
906884858
734065604
346612560
885408515
983780572
819881093
604746936
52861446
1183713
614695114
924317997
197644636
663612891
817108610
239674856
221420808
919561407
422502311
962535809
611888807
158447165
245847340
608692985
72166031
747625159
41273985
27772120
136431779
32102894
949497960
291272238
754039468
622836558
340820151
363304654
884285489
184521910
940102904
889483470
250628917
485391468
183921489
531113430
557686918
275488209
403599347
261640116
145401281
529930474
568800679
867933974
215160708
613319415
731325865
223649585
145666457
613202091
808815449
250356446
881690437
89997356
242155558
625276454
589184356
268630730
708701098
935134804
748028829
337139113
659718197
716623110
304751641
583550325
702177430
709439882
532809877
775847906
529121788
245339493
835997899
329840829
275212206
169347586
712839745
974001891
488209085
383312847
311163467
188478176
458496571
703684402
906234046
306690485
406556445
695647853
329277119
722595422
584884368
585006810
426532110
681368486
858561015
197811431
793224258
939091918
868958756
374773009
503485773
984557692
995202501
666499593
709785285
387452370
105351415
995458113
908578710
279451015
575959042
642087948
484739292
618123593
34875497
586470662
890732527
737505498
944705134
873250145
850323242
434066931
385728268
91459694
656837371
89314903
379153789
841977336
561478083
201138718
361803284
487687065
607456760
724335256
60307878
573266143
298636745
395489808
204263120
134553534
593799836
623206784
164220429
71044158
686412764
872501550
564435552
41876586
377893720
664341888
985946337
21429643
89819087
335569646
835939822
538901484
765636232
168729680
964070976
358399
438434976
995853446
461950572
760964184
578591188
597846968
255698560
69524136
155143132
193849974
498947600
315037527
252227681
225126365
277054091
738557724
328032989
952243071
43287016
82108552
196410194
970767845
932536586
708649648
170058775
270619334
750508144
961568362
934600396
583180318
59018342
647769710
781226576
362080955
899305788
398690857
375010677
214195836
726224143
124215251
68014788
820322487
77964598
457447831
190378528
296992999
919831746
370602541
756130749
760295645
539738049
791409443
35402163
730666117
724621548
765617836
184505225
37966990
642028549
664117792
470955180
133962330
808196379
311169636
334150482
450600489
603319681
250931444
546425109
385605367
906391156
855743665
22573090
233572268
618220515
978447803
58007545
993775003
660883078
876086813
75077114
222229104
960290724
263682839
712224000
92574679
304292133
926632630
856305650
261167106
570974087
852306175
237637688
783307266
788916342
353364010
859533572
556206165
23593933
89604298
136010267
761665239
530182529
5836098
306689460
520290791
31481520
508658656
525820318
934542592
25103863
195269238
925424556
24792023
954501200
869865619
299089883
914170031
24059294
692320202
595336030
560846512
138189069
340386626
961387684
37329214
555718383
274455580
610545619
487838100
372549403
228057950
605161926
380519510
460687105
625934092
482878705
505091117
537881204
648133843
71918582
992104115
257279256
787343691
721036135
44676089
179437205
165213866
286146797
914592288
537442938
147671811
618815108
479821002
622864572
403398465
454329808
973481243
363738565
953680768
938176183
323600661
94726871
933219316
806761810
690989678
576674792
269008874
834284785
346012007
333906430
421100667
804092590
195441093
64482242
622285470
260162366
623704143
719951538
994128792
854675831
494534882
380667835
683335460
176296799
693225817
376503742
286685880
638301748
587231547
471888979
802572755
689418741
591984583
817877576
912565030
410162999
611508738
737864007
707897592
9824920
745271671
772420794
288021658
82578766
486359291
60037339
334996288
887584508
24774782
161131266
460748446
515733211
903438698
944243194
706000840
635404414
686976027
732410574
693752361
604264712
973933250
954957870
603336506
961986774
594692317
744205010
775359052
462652415
320007389
91199692
884106574
829750053
555464637
319419683
757225571
404818482
275722053
586402220
633092357
695938129
921745541
409829454
482666628
30853061
240421340
288322965
631291007
504946108
752789791
112853
222623460
909268502
320236276
391584634
202061127
570519936
558088623
797762925
453689460
277784980
214271833
311581722
401230806
384116123
870978410
624798022
469467795
665800642
328288770
635689229
487569575
584660826
373323046
659776878
561260826
372206151
426597374
259895892
502520388
897061324
687441225
459688742
333106627
688838348
308838842
210843937
868240219
260202578
741679770
32358076
146252716
773871929
721235117
142434484
391969570
377246093
773261047
319045306
525200070
584480593
288498304
469722748
846923242
83149135
16118205
6715020
900728344
988197366
808619358
413032296
475882434
521883676
890319437
942722953
591588743
805970959
727959013
593230664
289079800
537309499
429437643
553528488
1730929
280721610
65260485
661868244
396028256
824685559
676664620
323379380
380830262
579245344
744851543
858707165
515744142
374649175
631870622
705401294
964248966
88613094
348505968
306150177
4966634
478783317
20654769
658079715
546342009
37842878
848347226
722621114
168509993
1055601
78741040
876581714
568581493
156731438
125579820
712296946
369855962
809529492
235190464
604118677
192997923
149716524
281150161
435000568
817195133
241879716
753946664
962259003
291723164
751203130
982343738
135244826
862042680
854734269
888657988
782459260
536478923
821937381
939837339
684526232
361130055
471916040
52986870
292637062
894046405
888809271
975375690
448872233
370199514
496438479
594216718
454521744
107608061
209755506
960561503
478446688
779130437
432375714
56029967
148270080
467270459
237855844
702414689
407791656
81274649
410675610
414851478
328248519
41517482
259111478
328190347
947208624
726880982
274266675
804445836
60784753
736735319
740083575
406834073
712879133
263655730
503300830
37531624
477282629
490314264
879849503
41612537
419038714
676315451
824792720
944119720
900314350
138120350
760516836
882768892
497914124
929399097
834776406
799369526
501514315
76267059
874966843
129741643
500994882
837029558
201661732
414672477
105419372
917799921
151408358
738370727
626121767
693928120
167208450
50758238
914572661
674437019
533214017
37354024
737005747
110164474
417694941
571720938
313052664
363019258
876257738
230220832
262615703
295421285
153397613
685469275
445416065
998502684
304940373
634607477
936419981
618664335
389206620
250439692
246262943
892560883
435470464
892390473
258816706
217686971
660342414
642048410
25206054
259850216
263167882
33898988
249496612
330670006
146870732
101889541
663917023
129449540
841486236
212124552
456849816
452159406
935995306
725933474
744960960
604097572
910999732
62128187
153232187
220647278
955152007
978244826
159909377
371912084
294716747
398516869
931532636
129228747
174359861
247460617
711952276
859739396
661346787
310557510
857855581
504106494
486326228
312044691
344592840
393193719
445991371
807141405
520234977
43773701
948710900
848610424
503187121
296703001
218693730
416907697
963515448
240984386
959728527
718463513
836555477
259774985
855976327
394392580
424744786
959919034
296674878
437681664
683581653
920842240
785269397
9908236
207106703
65470586
951322419
422257606
287574744
232132817
710338533
667366228
542242385
468518786
421065909
706148329
144969437
413115524
234766734
496853641
161285883
700502144
82434122
578163756
937220045
656445226
527141177
722750388
42952543
927109502
717617515
187663350
305768952
4278926
832150661
43745467
979832245
992766842
628429049
986169231
79214068
962863874
162696871
780159125
590673405
389217206
972668195
139722404
210691722
865251537
478263107
572929527
144595683
451453305
761042682
146518739
536101391
680431313
775656295
943509848
222503838
121382804
566572069
174073128
568799289
56417983
92110595
372422625
78605039
686866359
947712498
19481009
911849957
890143512
290953278
225167102
102258482
760980881
402364119
357407991
491676209
382179046
149784593
353367443
37035221
812950117
620158044
700617230
512345192
481897598
644403775
172339483
465310971
33886166
556162273
38326334
385757078
341908844
682018961
899272447
753921590
972325056
870756157
801124705
678126621
188266764
788451545
204602375
184104088
759696502
694615700
249318087
425220101
98060474
115843347
352200308
246826386
374948132
470372209
283104767
493149154
188637384
662103886
809219418
743985820
974130934
74042084
146859965
499096150
494625459
77108389
364287118
984402472
734070432
359061806
330998055
767175290
49896203
508950764
417219713
606082896
817171978
996955706
705036658
29411584
902902578
28701971
911816561
296984013
299623186
340359356
107145521
607950424
357632857
81408820
907415520
480881761
63034843
993192670
466833070
297485308
194457590
511678811
88362566
338590100
254188055
850163628
208519347
977503860
966533714
362170038
165401733
643618738
764727049
721443878
37750688
30490671
189453976
666539336
359775107
411115005
448555564
719413686
426623552
740556177
762437576
214846205
639035455
863375331
370459591
194847819
144482129
369709529
947477054
179447841
603431126
872402639
371757955
890345912
988669804
18046537
629072746
937327407
698713911
876791264
850599485
623064416
694904295
882265158
59116511
342617566
175394476
347598980
323794102
366516176
343646286
124201835
198013847
190414176
535923110
560264630
804808676
539945730
217427855
71914025
932318799
597676142
243105517
363905333
189175899
246006105
170711024
833959120
966444228
774769433
138257799
839841187
718572448
56949238
170759552
442540537
902825698
6249235
700652926
515478113
824318477
857874363
352835830
959554531
240763629
95726051
509032341
60832336
347927037
206615582
219956697
6929944
58560917
480409560
590554568
549465240
92554084
211077887
417323783
185470131
955028217
694372909
104708013
567032210
303794495
563026556
368387385
561842965
644377176
568762969
357789488
541215337
200322582
968379919
399881207
705789578
654639985
348155659
913578613
924388525
804657098
29209972
813886870
354493441
564950216
516548565
712544711
221133331
908555645
644531598
593269905
611238221
196905696
490386362
25335967
106563562
979478142
686749260
651221337
944336197
776209848
46873498
436385046
47351324
137340611
972291621
795470331
943965006
561543388
167856192
933542686
774232657
184219852
323281214
986082717
205138769
221979734
78048877
619246377
166581493
676612079
633218505
324244176
624781126
213747643
108906630
467474474
20725515
234600250
178010709
459274996
40844130
99488659
797837535
878890820
659268949
194156500
157364178
774721731
854417302
20471935
243783943
123046457
916438310
778729104
875005597
548878446
425007085
385816321
330934464
92016374
578671804
874533834
542906683
765032236
911418098
100263672
296370096
889437641
959649358
863968360
412214740
168963172
486890828
107333657
348166715
935601290
488224646
185086878
459434486
65836090
984598557
755257590
137531556
37502932
231358492
758773886
132333889
994833197
365139764
465766393
299025298
284824670
430502004
538172650
82721883
403050053
921443968
103544789
513702880
268364763
62751059
439469957
155627555
550140611
171940091
394091402
955594691
247812758
975496186
399267893
442831675
107526023
719534811
7774803
669336384
816641096
433509217
701510703
702140684
39976164
911064611
244060666
641070201
451860841
387507771
619392046
228921060
429216048
949998853
814286222
15035748
469134129
751136781
966361389
756052304
803379552
747343455
835568954
942077263
946994542
487842339
16688095
800361306
531302285
930574067
518769671
831564574
546724003
936230828
803423931
890381854
179884078
628662399
90447689
975829415
740860424
544524032
191569495
691637306
687759873
723662768
953550882
668004454
779358194
816897732
584013495
553536301
185520360
82292622
608927348
740384477
241852146
221197840
990042090
479552346
670209505
695279079
421428714
286864964
417524644
439926037
163839247
454066448
563144981
581110144
700739728
96233923
95285823
832348216
380447955
717786323
18815105
589496993
502273858
766449388
623624767
30268065
599860637
978537996
896818074
173789754
188366177
197039730
493798947
729384002
507679317
359067930
126143483
142362914
91820757
267697559
812107049
869123829
617876399
170588083
850695144
594513026
352174843
926713410
851299209
97955260
432925086
947699603
879138273
577995267
545165476
826438106
197141092
911808631
969060102
341192320
275031293
523753573
867274956
120195252
32451552
786373631
858152121
930639005
726479292
141142858
641808364
212519357
768216908
361867152
757197351
649719663
632556900
129077747
864083835
936825682
393435398
546778113
834055118
542535224
311449038
49994834
729402959
238350407
402930141
983276583
749381373
50849209
409091172
812767398
312425988
768429651
171513569
150130916
648908308
477605210
840517027
123508860
596859848
356695646
338758625
861716942
22004324
34340873
923460006
531255481
576092832
351727141
791323018
702432757
243945144
521810091
783876523
156874593
904961702
21550339
565309154
502662787
371701238
318850665
216657247
179879830
465876760
396279019
204569101
350555293
425149820
452963723
102902177
457562459
760849272
759657646
618689031
167203165
770611240
658029071
627938068
912619481
408328389
228310623
690250643
561290764
305951223
594714523
4934605
643024795
284508190
544635860
738179809
300109409
127122064
828671834
422690768
232114669
806336288
360137465
153483252
288033878
138536020
596199953
754448558
803491279
566617968
109850808
794318037
360747102
323168284
749579155
26288404
380099994
107866582
946757362
935548669
213668872
888048435
429170415
774123105
192206057
991161632
788009616
450952266
419745962
64564030
72114327
959120401
669314628
995052745
624628609
345326197
255208587
577553389
484930304
12607197
123114443
666841055
279723292
370493356
769904383
266523749
459817738
968364082
989348907
658684014
866434168
284136818
70579576
996144103
987282128
297491522
853269671
998874319
495400967
390794341
497102921
258110576
69103215
249423209
452207363
278938636
99971857
993755806
650072792
61035113
534843943
137849773
533758691
903727230
43190247
759730267
533334016
437392142
419542737
402567858
58670991
305094663
861203728
753649163
738109580
980710222
435306749
226572169
285219909
704528500
818414895
427815994
393531907
668569833
105554338
649462594
592997235
107821456
342522698
657151306
847105966
832504225
330027747
188754732
919270801
977232186
129289519
462905190
483296211
68131830
713610664
148426368
653720343
943651587
254793939
432238203
346253266
606946528
156805399
770880937
272221166
19148033
905874374
912434705
490973333
105076641
12442731
992606733
402829147
195632351
494881440
584500683
521610215
576087199
10241620
159829808
435623586
429158864
909335009
592289059
119052674
137186419
198131211
447531632
33991608
872788231
578011963
960556699
120906768
302227489
960855774
636335029
946866536
933202133
405148959
550122548
432884708
229895132
351272506
904917730
450090640
281249458
438030332
913093142
623533237
795014794
806012351
951423145
673728011
471734350
614371057
34363837
579346184
809126996
794964494
694072222
236019576
641775659
392405379
316570612
685366569
976034882
825010802
797233526
644245654
245554573
75293287
710256320
255565159
887070083
981745819
423719490
124330883
129394377
49053919
639511437
561515775
992939099
819519881
405011933
998173078
269166253
813867088
390489241
714068931
784247197
516776185
736181775
984227829
684566119
848777142
441804560
789777725
427697022
501324548
961135755
838785347
930299185
721935781
578376259
104270565
925379218
512661795
657556829
168016184
289435559
624513116
179328850
797125628
196562251
367412942
223627056
514661596
121134375
459320767
360108088
182282673
838585197
424513865
200453937
889349221
671433988
804482670
814045352
487745094
871778298
953060224
177544323
822823839
888416656
809059288
152295080
678611437
156137558
603289685
773533013
419756013
34109039
872518227
90957033
240216286
631468281
932996613
786390166
173626363
299737972
350737073
473845079
922173117
953085859
626002195
13075235
969981523
660853039
236618595
208756199
666253638
145197180
596697532
544729008
739068260
73452718
548164778
179685843
749778588
924784502
86474445
407339407
476744366
874224173
919088033
550401875
205006080
975783366
129364865
633041285
573674899
854892590
491036415
736867836
154389406
986713416
940490148
215041908
479321001
526805798
222851900
808783126
333436323
173903980
640179876
948558983
567715176
768902026
402947629
919552623
361214552
574710912
161429063
76819737
179449102
726698241
616207803
10583837
456313131
778740757
714983842
168720158
446915143
94921067
876111070
949254537
733373014
343452982
816265315
882904140
930715688
753145933
24921396
737133888
656542483
443465598
432326851
821116133
636119019
745092722
700006435
853378495
803073613
14000077
583211441
449111487
506966900
109625727
897471602
979618796
85429130
89023412
273948490
604142488
358538879
274315343
996504832
708989478
657042670
83030376
246100347
219429495
623718590
144979744
491476012
971291059
725576610
562402623
772613213
947661748
374270704
856815119
63176269
890004059
380327325
636952231
205531754
131908000
824207690
5357378
883848798
153334339
981673617
176198851
829677248
117749138
203541346
285617242
824963929
419205087
692514777
972128499
398773943
81690584
423715256
207172627
406088198
578643604
372303694
16750109
203166889
960418527
70043783
625146446
737780568
231668490
730472734
138555926
522230991
932317982
776008384
334855557
631264177
732950743
657795939
338046139
207132540
627359789
221534720
732774029
463330651
423051523
795542311
34410244
934111645
553944676
820615764
704582985
240257933
75033576
253002021
313866682
362431846
187522824
54467892
884721232
541354587
864171653
420509068
119334447
797722598
246703457
868844609
488664239
200142966
298407263
728647260
197360760
372049900
838788837
112587168
340523491
965449748
291331589
862888297
380297120
444161555
411729096
946504808
300583436
449393158
232106792
409133127
889040164
338284870
816282002
663543218
409321212
991856861
50912454
577401635
970432138
65224566
319578545
513701449
461489552
940531193
977000507
520014016
900869957
587434540
885744800
403402225
643792703
101422797
666928071
321384422
806527269
852880594
9534858
92474951
931208795
747545640
291702086
187130583
545665974
766724724
488099435
295678443
895984981
908151575
922148881
45682884
859103791
134948472
688205360
345014214
559109022
145772691
734964929
518767367
254012766
652994422
178726296
16070155
900862464
555379316
747020863
959415143
458221472
913739337
256015234
661974073
316525275
683164
431628278
412746252
730314677
713463124
888332923
558405832
117207693
730066867
548421139
860007758
78122354
473390582
368390010
427163759
196534961
242887892
464462339
288244792
823279338
470730571
131830829
373480810
260059266
313871907
565803390
145198720
467478367
199546546
28461669
348541827
821154006
725242801
332723938
335277494
117225539
410029576
446344055
910587280
485446243
306333969
759561776
64550210
29172600
937068674
803976573
964299022
872915575
693645715
937170755
756611819
418328641
144491596
151001030
453941345
167379964
580014752
123638969
103724512
750589422
291211985
527286942
258171575
484276542
765839281
784225231
519717163
51762338
913287294
230979813
905362231
98940773
737826152
446081106
218423844
238833319
567489109
789810518
680275564
482311325
231597741
457421944
427252326
850524403
649540537
71992554
640751053
366650550
375641094
654236046
679834308
99190356
596904070
300455211
891814125
716304969
996329472
316042701
216081590
563768874
182062740
174345511
185036209
285624259
81528204
200238903
441054251
112838835
480706381
465358327
797040668
112669348
723613293
464631897
567626625
601529317
296531306
816024925
341145427
235745453
288928247
74606068
886887734
163608958
21491313
99954051
117922878
201475858
198508495
429774700
460216613
468429885
125820094
662060326
981317532
781319093
494988869
580253169
611434360
347280523
769958345
720186630
915945382
552008505
288172515
788736732
551364373
687484891
570722241
391863001
474332942
861021308
56139491
94815925
828285800
575806931
842197752
340826155
47519705
874254010
328341376
911284057
895653108
764728421
612692094
202216430
805057576
947720265
477719686
70837945
2111561
423620800
506982183
545578337
703504293
873264979
687612094
310289630
20382485
945639017
52759186
34242212
824777470
446790290
661662189
332003926
542694097
731842888
328009777
184902326
558548473
596123103
520614674
697409462
408279107
450754765
855794648
382515826
525733549
581379854
148917609
152786457
436691007
410844849
493374315
744657523
166894285
28948990
980655640
10857143
801501474
931021693
59609231
280278148
305500845
506694114
766238876
497031831
343044632
262537221
133235313
515733683
776799254
632471556
832762480
736220905
362660764
763732625
153248829
76789746
237897480
798437041
230308532
751104618
72005683
991951886
219581077
686154838
30530379
384480072
22682236
568031846
823525635
560880667
21433784
122429383
204079597
973896737
813292198
463272471
379144710
489373571
166976914
959393031
902464035
40322869
910208788
596569525
195191158
280602108
955963715
368990322
9927229
959702196
670379595
71987800
970420033
499672141
821290543
238780078
771678289
641629966
430976553
779819539
515944052
606006528
15889205
498396776
468146900
258696156
989008589
981937750
864494344
143555581
107847805
229640243
460391905
906197271
197905304
880132847
903231585
198424622
5510741
388432217
443177123
395484292
191043763
984418847
891613597
114274139
334084648
211725388
506439110
746928571
347865774
708823049
854073783
367245304
357733615
454091926
622596180
558337891
804965419
356211998
544674341
596935931
22550410
915410942
288704290
793948507
739064558
447991083
635478205
395778348
139522695
755844611
112891148
285788805
776306370
704417248
840922276
923626067
741411143
339716218
803202533
54710298
610603874
851859585
186471151
659352655
507919528
615601603
244845126
677343589
869197088
926603441
607983799
724381105
727627537
306189318
793525458
467027959
621438826
549029691
780334281
509898933
504375064
135943086
391176338
849745496
625297144
498152644
285629098
539777004
403860472
767820080
987735574
990038463
659777905
972744860
380367250
240950024
214821356
773485097
557445277
86850178
564173157
522995691
646562489
803115943
625608865
984427200
599434911
448850853
36913778
584993476
326684510
5278389
972119961
680638459
106842581
794128465
695286423
934800148
78784616
684540413
868777879
320657051
322948686
355508149
67858599
42159550
658152747
972201689
259907634
243772939
571114836
571013527
433058023
635330152
540424311
39048774
884064310
835189851
350602969
337883573
693924070
294137058
214592075
430217164
243276286
201328132
719515638
303402454
703870821
240093639
28768096
233932668
725459992
604950255
277225175
300835175
138263590
800905366
379846446
417258711
876096233
277579686
718619635
715412301
137807565
580263998
182349965
101399541
380348551
80893979
479033434
810405129
454962406
539793473
559005022
936782261
284916240
880390033
379053939
997365378
113410294
838008973
845451741
620697030
997147096
533502268
615785253
112326919
427616605
315960298
288394502
121862648
518908124
740250893
121494691
971254341
309162919
4886865
716782434
29963147
509900518
473101577
683200740
12647316
87585797
451083757
74471139
819681145
129895185
858675339
964327661
976729117
345309041
805393650
839788059
17369387
14734616
673237150
772699835
988453688
818347905
19276101
696933381
561091371
318116565
520903795
188498431
777907244
881242948
638893295
234199221
414221123
803016912
640919476
450389904
243671774
818526411
982284682
835282899
167721014
847087959
865675988
97677626
775878680
711940026
482623325
607442231
61715811
884550057
322439116
90915266
356475113
66672373
628557164
19183723
531906819
919306888
982131670
165356295
833118738
443844161
424091928
160654447
503433495
76913279
769466369
621326918
790272851
289827737
69521355
131028094
904838262
660024484
456644546
134044762
253085421
157826949
912694810
34667743
258935243
727820490
531977296
766843160
676655193
522045520
613462013
493121237
451725135
169787024
662758447
458189176
636104944
834520948
895002978
860743125
835205608
935490279
46978831
140895473
113160503
30430278
614426321
275694484
84581839
638324097
459397732
640396190
72538651
388111201
339995428
799343561
34406612
283444910
377989424
249779792
412352097
910600907
774215808
822872923
502867539
170291315
783324235
598984241
525563073
324216074
992630994
574114236
909206632
329942722
808925355
955604233
55378192
609840635
357799735
12399671
909895700
65751455
107746984
259953082
812359978
558170014
557139912
529031188
761843552
902141989
421488397
469517120
657314456
717958879
609882442
989061093
178128291
321026116
678207961
540255044
686753910
736348676
75667434
301592447
321752881
757877769
74602158
533419299
156639224
728734054
95775928
404602578
582899743
891228227
958541689
767003042
635575755
558911427
83407526
416320387
944448704
555163383
304841453
142549174
596710893
441123355
19025513
74670525
624181974
951699740
907695577
461276348
846155833
739547071
294980877
857400994
542976749
494404655
403339346
32482312
282092807
939171632
107168583
177428949
871560786
11804539
430208606
190396200
944938660
885769840
761957756
49150106
775294428
239089687
446663608
486718214
190345404
840572219
614334314
645473721
83801293
964163938
278210579
390811485
930911122
120463836
527150296
653844394
775781192
895232201
831758784
20272302
546877412
960794641
767615916
188303578
50954325
248549296
399525883
212308698
266899819
915168231
878129911
372717774
130700660
885680090
475484120
629960445
323000813
712625131
154583867
47556168
759935284
233904455
519027875
50887380
352242353
89537870
246780861
829196060
578236734
140438607
900626782
709426836
849288723
404348701
706658460
764425108
432870725
34017817
518380614
319980555
173102154
951768999
991066736
226540737
463512672
945586174
977779415
207655722
867520975
695768099
303346378
197310420
528022339
368367032
641993936
608488154
503316797
92225338
150042687
769097465
824201509
267040298
33624777
998363838
749177911
712713131
525337765
317446847
692455125
47896990
401843770
490095835
364103969
500178270
335241702
67454761
61672995
965641513
496093003
171689064
620051700
632389082
962295132
804993303
45782244
952866158
877468436
134269587
878821531
759762172
17118694
504040188
743970105
775820776
475291326
108084157
554894280
207927874
952953283
63733575
330634794
583795296
217653086
946612901
981598952
76600824
944597008
20048548
423566348
398269761
462824610
217268868
758785024
626431675
821286946
627066900
909568615
103363676
798782740
20944245
335414246
436493254
860536700
789677021
226393170
341569690
508850413
821709250
804478286
389853619
136338526
527957112
803039441
233372686
836147073
774875824
254849937
103215130
722432697
24156225
19739909
545420618
764275164
129356093
298028309
626636266
153947176
270500670
586333120
855140924
507591223
689592441
38293400
931461466
172462359
230405081
272699546
485612220
908557457
727364727
657187611
258648159
319688925
203635622
878359771
10619083
366575531
386373351
791956702
488293608
626658951
807513758
718555159
5010373
743894637
421294164
984038290
461275140
37988636
482007362
282847908
891470757
39747408
284051300
614366692
578232324
618050202
905542091
878565985
789010080
809833983
362699268
621249467
75359167
846585504
599602169
564954186
392769357
942083090
768755019
334918347
840919584
436598647
100116368
925079050
40586686
482163678
96987431
724203306
788065520
814737879
565161641
50568367
788018643
662053582
936392245
975089210
749386209
202438602
553183877
269566877
74406699
133862827
124951405
698284846
926794994
119354050
687188580
777807591
416738187
85761626
252713162
1784207
321791700
808701310
151365549
594788245
321247023
753382639
832308806
777579842
151812942
188844195
196312914
69768506
138505255
803952885
346586317
388132421
724410992
679713613
40004706
389044841
985923989
210017171
567100536
1360367
519756249
789026082
49664997
843469229
494028100
524147557
122158444
32517133
984823533
883379779
157728436
297988370
252474827
152054163
82317762
167972003
852632262
350918208
747337312
295025655
860651776
609974177
802078544
503482246
165824174
691219706
705032083
391685665
698398104
496607812
864152217
592363924
440228728
265995125
588084922
573329562
864415679
828150626
896523178
155254793
908918216
468870591
805046986
450683100
777523819
880083481
453367446
391527677
454757597
602875001
215087139
847666155
849509816
484209426
166388091
642975281
823140983
872716233
932082066
768841203
888765702
250684280
767714337
215626777
12463743
513721377
566998719
184173981
50565839
615384029
735186825
613746456
740673489
95891041
396307275
694911565
731678804
37085210
363887779
26901540
639559742
173653054
579671383
825315191
890790057
902121653
261771787
844803528
18464811
626886948
13248094
832309940
735056533
59699235
24598529
356403953
994408647
128498833
846772489
370748342
958655155
102780707
835856978
99178787
407094893
288352798
887068288
267597163
113695147
982506712
407708604
730791634
605281461
341682679
103887913
136361836
707488864
294757050
751669655
121326154
679779345
604340076
78407436
858937679
482106420
345006874
259783254
861944845
311370109
147692264
912902540
566180327
293291642
729886260
177529945
136543250
325784852
242688038
711000170
770955895
928266808
882323196
979164699
157208367
739119674
556441929
736844538
982817226
957754392
456570368
105232255
267864666
193274499
637900829
247757301
161976674
479620457
436059802
105213791
164946177
178548827
553877835
204410349
784081553
530333560
671419118
329109890
351594558
778681342
432338951
783536589
715068264
62353313
991073071
957468182
272900976
638194435
122985430
58940744
549146536
773252344
18224625
100455687
279621464
677418770
38972582
910011612
606523681
162706171
952860559
356410242
140225721
508639360
485687903
657049158
624421893
644752081
572283901
503401083
742527759
704210129
482764328
972192291
457239062
668161413
21464210
694199493
402651082
66285366
857717985
851726036
850038242
69918276
442160705
421613376
678033984
256537227
810870453
597773928
76474579
733593390
154534152
131895833
781966536
108796657
218074110
128596825
559154048
106086821
164653381
276288148
569954916
100189399
163229117
371460940
919581052
94997146
100393
642495334
566994473
92293697
653718429
825162637
614147406
306684044
309324048
672097133
342080712
342182320
74394966
618065330
27848975
500678526
828348090
770824522
687831656
429216620
159165693
368488263
521980094
920986652
513755143
435903346
249680628
279744549
515781736
566628323
280721802
941278767
1338671
57681398
890246388
550713740
70001546
103988853
43871346
512902461
209524643
665223585
660555685
215986039
136869351
856682790
534167160
95074852
968192833
765654581
858088115
850485515
812980395
273448686
190916395
272400386
689595024
451893949
168094112
96433413
377179070
464566729
915401497
495229298
22452484
74195625
628651980
755584482
861225998
90963735
503010211
204901426
848023973
383742321
564597281
486862265
531035436
358676133
368196484
151143229
417987022
952587145
144635453
266003576
394579583
729918898
691348999
536701470
658585316
21371967
971405142
237338404
962181228
364421095
358505911
306808101
785339754
34605387
821089755
277755127
77128681
879062885
217928864
473919151
209732382
838269246
560437880
999969119
741549326
303829984
537569361
408920667
307409309
900562968
232565135
425598950
157291714
389942432
734567445
698878895
216244921
439476515
595203242
349513499
724805918
981566899
825133121
560110420
113175781
575505329
754960976
304927975
633920880
261901937
373659702
94358202
996519725
887288991
769892592
378702076
435944919
220583947
652583650
429367213
890837359
635957950
290329637
544206268
399375135
600994194
804894639
58654940
498688858
133023549
714580628
250006160
911436428
904204525
751073598
243564911
653128922
639806048
544952868
558117953
690399059
559334992
33611774
316896258
307531619
890088185
246538705
106054311
796534111
25958736
481423456
530057886
412271337
180372966
258829146
278390120
113404652
966903046
667026198
552948250
256858967
75754931
207249640
862384356
593725074
392295929
135403611
630901080
355912810
223820635
457253573
217164088
586227423
389653787
102156985
527335435
50635440
371419111
800768207
544994898
986036131
953839002
359426618
824013725
650556172
874665962
84205318
927834300
770066837
220390894
861399368
734266765
327421418
375576659
651326945
240254002
530618335
217129269
307313420
864085698
707117704
54728407
772795899
543061580
989906301
561977858
857396923
592774001
139319587
125864609
905058108
87902822
894500732
265822819
263749599
907293310
726806215
577809801
309736311
124760871
438207637
981841142
878849070
786123349
194065280
231429592
866615495
423184554
786089474
707191803
878284230
794221028
917381195
101234258
972078650
914898527
592209761
385351485
253256366
922261939
406494228
945487811
593460670
68128832
213328602
765786965
756494247
235786054
604416974
530789755
147323734
881949446
577190568
395396229
949723064
158342290
566327581
949148792
534999713
329489131
529125319
593661217
702344905
982475200
711751864
739395905
329963601
315866788
263701405
748085972
154375539
773512044
304698694
791357435
522541022
106675727
464804873
690192325
65831462
99024180
199616223
174654881
281723280
782271545
727393552
438594681
492546985
409006001
834962580
264450238
42644182
737726316
243976914
764337687
340737382
318778700
196099651
994303348
944254818
746138567
392712916
320689006
85034512
995511301
449732593
192606272
401454772
650598352
26275611
625865274
556412439
473633951
855997988
517577881
301405599
178666939
231734538
799420358
671178507
956237178
397584677
709034854
208400118
428081932
249847629
484223854
367998921
264673482
484458365
95564901
42816432
693513302
97500150
537034439
376636610
884410552
999303172
20405154
319723808
265213365
345227389
737467551
214719384
483863432
824284259
98553402
459659884
872655915
852646058
129074367
784329785
988886725
971498905
689624433
361216807
94012616
849873723
131296453
569693607
713200560
286234155
131954026
51524782
841633051
464478384
647356623
179444968
814888910
897638494
701678429
297368338
706940353
561523242
569036559
787804618
124489073
53704295
184183010
217715531
529568121
257986071
841338894
50635071
468803617
446332506
827081883
524521755
721230100
658694657
181760970
7936341
592025321
249432751
367538954
507286790
897474450
8200334
820877564
65303972
102055022
502239253
224572565
36425855
426502283
927064871
367850981
526682709
625042780
189781629
211535396
390302498
611633902
59975759
820460090
336837760
822709903
858844735
510821150
559447038
886983429
641106859
745348498
764663577
990274581
350131176
659006347
188682146
882033879
614368009
477890430
52761208
527321074
822526354
486598446
642985465
726373197
83712943
339956941
788217576
227735448
580718968
689075365
865159860
552578095
954693089
618399477
466284681
532899585
270069693
941236480
310006857
6239111
749310382
351485269
137153265
534575505
285471293
639628207
276364871
551847574
481124269
507334062
987355034
500888637
344552183
345337988
10523094
458118806
959756081
159524931
105623304
455750096
421598160
933124908
980901784
465534246
990674778
709199556
397414388
182113615
638932948
737748155
177987631
695138644
546567456
863727514
538487683
676323713
509157471
679045843
916528354
240588700
418790654
342193132
475637609
5837726
382477422
253905842
78624191
190553123
80364935
782657351
737759035
960962938
853401589
729886736
542585425
697555758
540083166
817147098
500075628
264426972
916991172
214519491
832407054
498682639
731840623
410154797
286820839
783803661
236164842
377108220
848096434
783295073
245389578
514466690
359553325
388040300
288312466
553020182
865701797
74094224
827319316
291512705
282209924
652530511
523030698
47612712
388790098
62850425
45519109
866748011
994126508
479468062
942199732
411920826
177735388
218490798
583292487
122152724
772788815
453048006
165949286
843878681
946842418
816440661
836755020
238129647
754861660
785109854
540502854
471807310
155525598
453532840
575436612
627474679
40762151
819821812
441899842
806919058
276594499
634418494
689145043
516261175
974276500
403934040
424818535
261800418
388019726
535974657
474085026
128029961
503845070
992712971
660423217
775166964
826424736
287552217
965159530
723051478
291074011
208392150
163607865
38345263
38164974
213177570
873331747
647008662
689819187
126189994
392034987
442726907
412016709
513075318
773709364
430204039
86395529
10487333
453529224
474046267
581050586
319393010
26316099
118090955
852551527
45543261
200669114
655128932
364479485
336259154
670366693
961293447
738836264
550949773
306834985
639242682
787658444
577984822
290343675
623810721
435455320
11727025
696641602
590483549
910475957
465635722
108192382
498807078
475349749
779121103
521399841
791858786
771022325
134181006
855396637
137745090
934115350
256434046
459251314
120435945
698119192
75125818
906700284
942221015
174073788
408127204
120262886
233697415
607103647
844233393
82776796
728840327
562757006
658577967
148100475
515142448
842190531
789877008
377953122
177099327
66817471
185515795
104930698
562749197
610776326
467944345
226184727
790839420
668327655
770501777
736960923
165894320
682435351
159815425
858167415
497856433
888582460
651509397
956552329
935001657
267712842
491302092
425006424
45485477
761326873
328928062
397034735
78419756
533493117
324652498
205150249
955940130
694203079
970429624
981238071
808619034
230019632
967327814
612150206
461129698
898137883
463140667
222377964
351138001
358390546
438179706
740866501
202828236
959754466
609425909
956786771
5283064
277654690
378299143
466989305
785409998
852827439
435762221
380943534
85069966
745553672
622146030
54685935
907462466
861064405
800244407
315055304
678494743
612139814
353157260
131160378
901418455
86669618
295091857
325946684
177292432
839837929
49519301
488645050
91465088
131293310
772338662
643577539
653513345
989416851
570022619
853115433
991457528
506469122
71716401
575408515
335547486
882393978
171513195
651005280
471100127
786736998
199080551
230330590
504875775
440955233
417617922
829811357
27956838
457252000
272669354
973079454
19446997
841667161
527847624
657552369
102286425
466418911
916724754
856366470
896202476
128574597
668882737
942401983
751683771
18205304
831143203
907241413
441613383
876687114
791816630
370224606
351922259
217288825
367568867
746484887
166691500
866953667
205163043
910198390
855117645
247316792
383218088
942901223
587782892
940952456
170396503
965049128
127362278
729989983
98784402
616352301
605868768
40030933
234128784
702609764
707917601
468779623
201468681
181572692
511059004
117639917
130499561
259077802
800279432
925910556
500515663
678081616
376101273
77268760
559901401
645241994
481664141
874067227
598628004
282572350
859980996
794166937
63683314
280926988
452267318
196630101
96272849
97053625
229085912
814944669
159675102
53287475
954649139
395918917
990319969
68384870
607564735
113868583
951126860
346890275
63050990
220701295
950542643
999696931
998437966
971707709
327734736
557901385
870598038
437514355
721101711
962109763
392213289
504243108
277261512
220833171
416477883
144088383
389280105
625223763
23985007
773523983
767997854
219976077
534561438
702478709
289899240
503739961
535665457
11849719
179493701
173534044
208670669
481222238
847940038
35562841
493289658
187403036
740922361
664032180
307906032
314091073
117942210
194801865
158650
764899489
710616111
32251461
818350027
812613952
644119608
139297665
674343460
791636627
655659564
572973526
303522252
804806985
728789533
320805121
677485310
189613794
848767198
534275794
58052265
106916372
759647364
188585543
672157134
523993892
97934183
222941548
827466983
807182856
346063739
880101329
109188520
991539957
353377417
632751383
293089123
948712810
448422574
48516667
806431758
727405484
641509453
407106631
131784553
708876962
457485538
611611065
345551625
696840656
597958920
681611164
160167581
521013074
732156581
597384435
849302687
183543797
265667822
506339112
788650807
600920036
787113618
165952519
647286220
108485022
310615191
711557572
37342755
672135293
601198768
185570893
111051006
133638322
707582552
104117724
205453643
709400552
65366505
423536483
479861329
618170836
794661572
863796579
804204893
711839151
68772760
368797724
616917786
989587047
955312801
125429816
261254620
757313053
52079608
751894099
468507922
53654918
873863089
790697921
388107946
83475094
421888065
562972497
85567473
179961047
802418609
593825305
185978900
251100957
637542091
573896287
55491619
399339314
205468725
843381987
833212039
168434190
139579483
192831076
272993158
30242102
775221620
180775109
324408431
830990909
91340995
147558178
797874319
30118849
789463437
505647537
467355308
653522384
681490107
652282625
957919351
508820252
342855237
720287264
25978558
763825171
330967490
501138841
826889632
308075379
138767510
554096703
338391506
794349339
216636122
42214453
946834660
875938347
41930243
975067872
269665443
366896385
37880585
746885474
208751311
943005511
976256995
202900307
71849454
959212603
605880193
384570622
363829910
963254300
228533152
406054194
816699791
824664318
816690714
601617414
117265513
679735215
314816445
343877438
846004790
10702181
139925274
582133524
964906771
677163377
757470884
980664376
993793964
341223434
520504983
228663183
667576181
310689977
447098811
156300669
500185309
259486896
666831290
185578119
439862489
818261876
611302798
962581890
748041811
770034637
214990363
569236083
120855857
60239043
945006650
648894232
49378599
250179070
159599227
982738024
939523910
18805626
134298086
38726076
573050139
504596626
132370739
947679801
868145838
916028469
142970284
409153262
106062413
382031277
333615850
430030172
941453417
389434910
125877250
244027288
480210043
169565322
671626697
881126760
495130276
583998584
587247296
127351163
624376038
180000870
268319707
812394446
872486670
339353792
384851761
416327272
290904703
523681728
970544766
834894268
689604413
242612818
404838318
820467065
602768867
204532329
622473166
275032836
920701655
294601814
512128238
435969492
804083901
627053844
251873233
145330646
807108077
918665599
121488235
454532942
504951692
972068756
268088783
483331831
787214489
517631181
948978695
494489292
598996624
986286927
823302907
127744992
120593386
105859996
293047321
944162754
886937763
832154954
935718838
560763648
391483257
397356945
13907382
985249633
65315113
687804730
977333096
45433721
955390041
717753913
866586795
328380835
351203089
473595680
305487952
663173266
217227149
388736261
655037375
579769897
763045410
700489248
397966943
967713003
453191230
555024931
314825760
993453811
662913556
596144777
117008276
876177087
445650211
962784036
115469560
990631727
599092700
51296585
470031875
374083109
185512610
797900558
820123275
582363996
123948029
785245952
929958929
967238345
766781969
141094563
112534112
636890709
775114227
411692777
662486108
977461706
357907658
809574155
564024818
573338900
920320175
223444945
849186454
725904642
646691060
843118355
276216226
696487330
50303437
714879204
530963001
669876843
880747647
733599442
125765124
140407071
395778999
786135991
370901055
631313657
989035593
437977771
450018661
771812457
831974253
431352587
203947057
580630133
716723737
517173737
870214342
490690929
449444915
116457398
105079196
150966507
736316906
203091420
582097194
687081676
338017916
622172405
747932886
459985037
596067651
328188106
385621897
932895907
160915645
107747439
47305876
27830164
525218230
564471358
805415022
755513155
11404525
976446746
4561957
635075722
76624541
708314401
777434839
832268847
12817337
562647021
662410556
499838128
402256074
841115385
606141317
782581768
334040118
891454228
245636560
580642054
578848395
99845478
440971860
137101892
463460159
599880066
525121050
174367440
734738443
666516642
898346982
644238610
242771454
616923461
179002535
431295274
83800673
116176220
950100285
441184479
299035837
135499724
744470850
708117138
886733962
83654449
118237601
718643777
509168610
718160063
414796382
112289991
801940100
172516880
877646899
423013228
167524193
95230363
166817508
518050328
577533628
78979828
709010105
744721748
710860743
488540199
340886067
983166641
575812143
872136881
432965964
206036419
734787725
153676574
374645191
565901205
859143568
685220739
4991811
431128086
380868486
633643151
361996191
362167734
19091910
251908326
604471145
579611787
666266167
163793501
424384816
609999823
181210793
815276717
156829741
221204640
16347881
562136040
799324386
104989659
926417893
52174684
287142581
314530538
113841937
966211889
709565585
617286816
186806937
621921380
967979476
987876868
423255858
658897165
173085051
3194565
385766937
261530538
297361184
644272294
230279929
552498056
781126096
978184774
662489035
945243217
456231884
285082096
375793482
574761916
262971191
956846202
229492741
458784896
309770027
875552891
188430422
955858348
626934429
650759850
55110570
437643525
840267841
652542608
276191927
350185597
121514357
153429889
419954816
590028050
174813387
786159607
993098199
383170812
627761414
331010015
355111348
748277047
504657695
899244452
595567673
298662347
495376750
292919817
475151025
372277783
539951884
245900312
931524767
567296937
262614350
103078385
583785371
224360842
945993274
418369490
804099278
681452520
750791064
974469207
34949474
21033349
719278833
566596813
697991502
289857534
394078303
668067982
886212174
646122748
999386990
822431749
205191687
105190587
643055009
848309095
112414493
976423599
323699161
578841640
130669285
432149531
883795443
47418371
581889624
813625785
258669842
848079508
656324952
60804837
506464413
420807101
874159119
712378828
842030774
952250395
280826094
896682419
85791548
439871180
158632280
489497534
913280877
525207770
513379401
505455489
692613395
806715772
157752781
224382200
638448608
77049812
440716463
282516651
943196368
335299036
357358028
480908459
55687763
84780822
447076625
429738538
155646411
129075273
372536266
295901182
382296702
9421365
877936062
464347286
857075274
808378287
808131928
18830822
658637479
420075243
810878244
969111762
902448968
637651530
816957688
879063771
188206893
543731659
787933457
884420607
163756672
182829479
611641425
789487134
943450591
255891512
677549836
591109785
272191400
311932607
906038551
312482825
199690622
183320746
721117395
640291605
179071650
286631590
449394332
13917798
601116114
158477127
857196171
959141123
725012990
966841696
783665952
487261696
56047186
846622320
13350616
87952384
712345781
130880545
707177705
175756508
563121500
479974690
537761082
65021360
713536144
531371663
136658130
224675862
658598905
702524155
796991020
792490759
342917862
806415918
597908577
510189339
127767742
806464757
725341195
60868931
506752791
271642913
419201531
883360409
148925540
494320184
335413301
834989209
147824943
395826278
711689971
184545347
831056135
798322937
896161608
394133475
965053411
370977566
446134959
100725123
927325760
561664827
248442183
363353849
391042051
88691650
98948352
337845730
638273987
288852407
749132422
801081243
149636534
690378366
336604380
298634755
734586038
10615695
500862186
20515470
538987350
478405086
137258491
981523670
443036838
67055049
489064211
1713438
293542558
29311381
659074312
841661343
98349310
987994519
810156952
97761783
163535838
131969039
194451670
212143814
223042565
625808210
68273907
830474901
284412384
187274246
951550868
294326284
992095468
843752431
838633366
508271524
237582694
119202193
828765415
661185125
220965508
617021977
545057217
385262626
45967086
187225870
273443086
953126254
537820267
772599902
650607864
605762108
801967419
833421884
493151723
464414486
922731625
729476526
742644581
113877779
320396566
133914560
573156209
405282275
86529492
945233890
350486725
813148724
978570543
500687092
643542675
804804678
868253030
74140414
905342299
212103497
447037408
680844786
658793421
306174904
193257215
146247421
447333347
895088005
362507561
543643997
229713925
140293097
436001412
729714938
726054828
382869855
854925706
419667287
566119222
481407653
952174350
290178621
446189624
94853569
409702982
855609160
950729927
434948720
362193379
310327964
687620805
492648712
901618133
398139844
49102511
953713451
410953873
285511477
574344803
972252213
361108274
325658338
502351211
20948065
545976346
614909360
441970062
517171726
663974577
62563931
581514267
566567957
42454808
293748880
415167801
578680113
92624154
989020223
898452192
812492984
925739283
100571550
236375940
76709619
868283
610687243
443640005
107830906
930691775
826208660
482183116
45867127
576097801
638163099
446102753
644197071
487125282
844527164
937378392
883355732
49767186
418016203
225255795
967286345
256423247
28459842
618175113
696887491
558217356
924385443
464237504
136849010
602325144
568491804
781426405
936218117
785715578
809901735
134356036
88438853
521572766
76240009
106478889
305142797
399440281
599873540
777491814
218345358
422515247
91055281
905630228
931522545
155932001
621457613
897520237
789100155
914915682
184971039
659047520
61848929
541805495
631766995
9225697
515879015
802676132
188919762
5683703
708328028
700100005
844679154
527489333
312719900
528012505
174311481
854889856
625426995
970466467
520471603
586689222
581931843
794245182
744105291
681059613
168942460
373121398
517781500
922423327
621122797
524930554
776629452
851356139
8779977
694053276
193530584
530249408
373737078
239707762
729334355
716547482
140604394
102852925
296052921
553251656
879744542
299065167
674994614
675477857
920982873
168830500
114075789
108230818
277583420
513067596
441083219
765228407
38637921
645623479
797576656
530534046
70433146
449472863
738054292
325748289
769538232
141485277
299052584
569718959
492566403
787219330
878993392
335611325
482358114
760604220
256826356
158299780
175373591
875379469
236201312
912436079
676532470
474272287
661768515
846464660
382184473
863296363
818576516
635080649
22256226
3504524
862097850
880706161
739865490
500935906
949925797
47645512
797767106
873447685
553244475
45098368
401405082
570232198
598108664
306823725
148143463
123380329
567010986
868419506
538948637
345102698
638955038
258486753
392726513
431894721
405178530
941419763
390554965
527363087
666637822
535847679
948645416
296520177
133452707
289613301
692283117
488582125
264510290
670748722
27186687
137485887
892044097
907298600
450212568
646720494
998575705
701444191
408186741
708781290
530860585
578335008
18252244
637008463
165049393
767517458
376018102
328262318
534559879
661386939
889392844
665865093
69492897
508441394
52449124
672050186
466818879
745991440
716815950
463888828
832710597
82300260
72555547
622916205
786901963
257376293
663013229
950134498
581176042
584962754
218402711
109339829
179009165
586560301
593670749
186395418
855169331
888584330
570858197
469561255
23868210
30344835
924217334
160630737
871946440
129642173
873643798
476834350
883586822
442887344
939968358
267616812
953298458
545790127
92843018
786275175
546326514
174489663
15244469
776833803
788070134
822342035
661452065
524796580
859712490
337623274
153725134
813459939
769400836
45019170
301457392
488482019
166225930
183277643
161100071
827996948
43719579
85064347
296905671
304767168
698367521
966999579
965594589
663889951
970361246
788996955
783928780
169854497
236585526
40639313
866463312
673664288
3831857
876391576
222848392
319118401
118941840
431807127
293119725
137455079
333968958
134780158
705706397
933999167
142209918
51081722
162348010
745425121
753181981
362074663
793847245
19976971
126667486
223413396
732234386
65631788
570435750
138524214
268366631
529310091
163127193
373885233
408824321
723967525
141198057
674460247
772900953
440100024
136911020
333217722
983366008
609119690
87137449
964359068
268201769
443125632
829451571
607443359
447779648
575890011
210368664
509935694
186751265
906764280
747499830
736213900
136333076
225008017
340659255
302246247
428306190
306743782
789223886
709400959
15812054
626369957
667013598
870091312
2022808
764214600
76508186
798983354
198934104
267497228
793416709
280229204
864055987
114214130
517770356
515099970
386212227
558275962
365726356
389671576
970129389
876441152
639148947
615305534
889154221
652510009
411924010
432390509
997696841
515178493
302552704
558546241
714764746
226957198
406265059
353077816
457564403
185684799
859433295
687219056
583938269
529980143
223962716
429331266
41177105
894107760
38900155
47142265
323541256
326481915
413279375
446686653
694077465
762122511
702638380
432764283
167736534
562085520
321988870
253990763
814238508
697196114
575131983
621308945
257574082
753592380
949141702
410384580
394321770
849003028
493185552
359518913
900817304
479442898
483330460
593006608
552161078
114218484
639404193
287130908
791968036
122638304
340437175
486085461
579027322
951822215
792681409
779345597
521656334
449509185
178520513
85975673
797264772
667920307
830373768
70230664
793505535
739555209
662261072
557102165
229565873
8485646
793074233
91573268
147853963
383063775
338449211
729572233
921985667
123926976
83650757
163184508
20236882
772742484
852775218
468091451
395502604
384339511
319890368
419646815
66834142
270775780
630684357
345990010
514647630
836522258
565948800
529936017
240665533
538441861
640356246
528557495
184448823
792694950
690986614
597563830
857356407
930948688
81196038
932755293
595377841
11781957
750553663
871458849
959608234
62758102
753165324
915346335
816863610
528326532
839297111
916610373
669644663
832820238
569961680
822510255
885119555
35912161
294601330
655389416
577502525
273294539
730983028
399958686
896115651
787553993
710953072
642571130
840933052
105444617
943614027
432166489
514181575
552480691
538570293
929854587
197584780
192046
312478932
100430254
307396029
15321744
87646186
787125985
686274723
804198204
45593347
306412688
847524696
684822869
69375657
662040631
299865547
400983612
678271084
518043911
939145764
886688117
316688768
92877784
103847658
394434664
982248549
526118676
148576044
844632393
113919827
596633979
689909661
579502297
265292405
694760542
765491638
377041126
585919982
630151130
437646320
498594107
739986551
598145149
381022890
440864283
261314097
89033416
467849338
61025220
900084234
609054886
292227819
889715760
487631667
17512661
326584709
419979864
361782363
81193752
547341894
549252108
816489977
590758091
291786867
602943183
950220233
978450394
682982935
52496955
260473938
162225817
642752440
56652065
635615415
894278612
488620546
765749740
82156451
208458492
379616970
908958499
787628609
841271693
485401408
768953057
180783426
711635201
468976897
502918823
281638152
920576308
274135003
802420412
736726867
794079945
448231575
563975996
528086326
298469786
311080641
611488332
346130504
990626319
683396922
569336458
947274504
806538414
528726217
157919136
888490077
619949237
814593300
641578007
895546285
883028940
655847076
982748500
346521413
590837873
32154823
258089893
169156384
909122450
821410958
792596637
368297077
908265070
568942573
141654213
591151274
940693800
770888007
241192469
445206181
416117220
691104493
343793800
920200085
932910574
788364537
625141093
435855825
416117255
678770612
606943519
786389156
164383576
490742162
423460384
525333919
861064719
593885085
12238703
648981685
176003335
340226680
472733005
807716859
409184924
271692883
42121775
64379352
509665667
775543878
912648016
754288107
253177498
827156189
360388273
446684573
199892954
967512535
945112500
852000227
464241810
368943064
201543389
293086650
286292307
594127539
241967580
679271215
937389733
641496918
26085409
160065574
909090198
79057257
950088089
409404571
880366761
256320922
631182358
944626568
142401870
404243787
495964366
335081417
743615322
715950801
165494134
59823736
276868144
663016274
242614378
299879217
451660032
910624877
268743070
655320027
997565353
157486763
959302345
271155132
903997600
608087063
467639419
877343284
151929309
817811678
806668272
956869101
507589085
971432944
847340751
743832091
267647303
292838085
387723150
916170
858591103
323681024
593608239
955209189
864176124
114943638
161429522
765752283
357439532
881869269
247026365
993656819
488834452
960126697
118871540
283070233
906135170
400350046
5986051
339382175
828284708
649746443
648577952
612683653
973700977
632372078
536754928
315183596
799591259
50335908
59915147
219269429
89826524
3439519
1998996
110499494
500848360
46653147
10898806
759364926
754678208
949208024
77629281
68414825
198241404
573911417
853115290
198621941
558078920
385089566
399456628
315093992
535309681
699264361
503783348
647713164
826115560
666179830
711311437
151446519
396811201
416579254
244499662
56501791
553126715
663152781
702143708
223841116
574476127
362545462
133605714
952549084
752709439
537722015
650518203
946539551
107776929
781174127
464954154
883428118
404949998
588430181
721859723
620423142
399314933
212366124
565029645
119186557
480642749
488690987
26572032
151168803
417302908
712567565
115180654
200553167
489926302
554506264
407487285
909841743
511748353
874173858
926526901
263904887
447453211
922120512
361843235
240295520
401104646
699780241
564410635
609046057
726646160
440169775
203532799
947861487
282995476
640500754
345875995
333268274
126080445
980540542
26676681
723721366
628221412
940171962
842531793
886030128
913510585
819527750
39667072
184291352
60512578
948318168
549442770
51022290
98825152
582524234
794893022
123582688
890621002
398862819
974748598
659891211
928153026
614641612
500131641
622724289
691218606
96801629
6750167
491390317
982511465
889773704
449625856
48103387
384743139
93785346
149281896
68877414
230717081
413355575
442863834
262223005
325029460
558939743
382039059
262700904
247733242
525554046
836537756
130221573
742467666
235993808
800241440
361622354
897266711
52014122
476281636
658870836
583744700
888905524
932827989
442953389
716014884
853791824
602461760
119075822
63942411
886294125
867124900
228742075
435913035
982344318
342973422
640499831
259426341
70730458
563531212
13332377
127689086
622375157
801170000
518040657
951985492
940204765
854500319
350500382
459853036
947289662
675279323
484177541
941140793
583842839
31877037
600715207
729007979
140313802
357908492
606961025
711810527
790545687
125379712
825354311
781922227
709172524
480111737
361058858
246730641
659330799
80091185
292384113
869616298
689022134
700852933
351528361
690878838
254746658
203849535
782905718
97175612
555089025
36772836
751677685
849044194
783485577
894630158
587525906
187516280
61613607
244236283
101281044
685288708
52733631
27877032
882197503
990937619
508035380
230735312
395182856
643103603
607466429
896286247
362038908
751651734
333738134
267878173
271701769
906644295
687208662
203941173
858329044
477127585
54352518
772456864
174568289
527106798
943308025
18575253
672536690
984747473
450005424
914480540
294891731
641785418
367834499
496726329
386698566
341396400
482169861
901132607
683432261
656740803
736418009
864192160
143840298
224297216
20330753
819227346
158991870
895953305
519011556
996297954
468445129
811582462
946755803
581308887
333693502
342504239
871551365
571987876
224361228
82365780
316344683
380541360
113966873
715115009
586991678
809306901
936350321
406044056
76087599
530752576
817431262
812230297
343391355
885710210
712329173
736863666
816449411
208641762
172590977
755733281
71003402
672434754
137171582
849041747
656292497
546234776
368697027
148044699
440394597
993482554
250691752
322413720
914725410
741668292
333518512
836017530
731516335
296831695
98217414
927512737
3936110
632111309
638058275
845976122
224683134
201430679
761461057
675351462
353628153
456985883
694533305
261727440
621891409
496701556
792896760
825870737
233571321
915705515
847556767
112881856
810318425
154123052
809948773
96709051
587252251
795712194
718009761
940708630
863919590
302845204
843446158
531383180
774851622
689803032
377304782
617599988
175454801
330569848
289970416
102550420
72360624
291385468
506755492
839372634
470026039
707366180
69845457
517769848
71003487
90553387
280054357
298672800
892738448
982078536
234748338
470482489
989661298
370677370
536619429
918143228
373645400
766197823
787193605
734817556
976212879
195925373
106209146
565241043
410953121
136120776
865600269
320962051
503632061
121438446
495564648
58022793
559586156
127686897
515242888
828723027
428159007
770377141
551434392
476705286
743336159
685926556
714525516
826282961
584772482
469558001
11530765
204265948
862024257
586125023
743210766
627814273
16324197
521484636
832444585
629050974
621311265
748259065
209351915
248625404
568950062
973860474
940411248
300458027
734856748
406696944
597065094
896204957
463411327
130989557
403518753
273924912
621774472
740491912
334814104
31223639
841203010
6461306
416854157
283969285
526721000
891800485
754534047
692628922
841965316
460294145
783942826
623900187
222617616
205362492
454691426
898164853
177308080
464670560
102401209
69528672
879806751
604786046
889139449
122044247
893338853
860993834
292488151
662667974
966463824
566179826
993195239
451577270
925818954
337567956
846740496
563675873
672366570
413523668
508324348
481597791
638477330
407174595
636011593
546439500
970910353
755605309
85957603
573564836
738387472
828878468
192401913
452606981
696289481
834251708
675270283
372422470
540101574
296501833
925176293
245351873
414013481
694719181
439882536
725686527
196820338
24263070
344175694
646172112
575675041
261542955
631727371
619120032
822639287
73118211
934052344
760709363
996474003
408987157
185901045
213440990
545584462
8579650
698559701
860211905
587362611
997113663
157287773
97045671
254246113
58007093
843560451
392731622
831934515
706362077
269377773
755802177
773346338
192576676
816925946
755341691
535275018
104035630
227258691
855772654
247548356
982192214
929373224
394117737
281624755
650088776
666127878
930258853
621895857
139976465
196975169
457579300
325437791
287024949
762565867
135144765
430435047
784053441
625169903
156628589
548250106
965989449
423717184
886637473
35714397
980709714
344214992
488647740
967646180
227371329
560966633
547117291
346101389
332345827
991097035
798976700
600655455
686347569
780789827
554658868
965561592
113952118
823107720
439601095
195706369
429864511
632446130
795779899
132665898
935179137
506877262
527347841
686129587
968674893
222950840
437075221
637408192
385139410
741744630
194143342
830369503
418419305
496188
767792571
478820447
74604599
287074379
449715531
610565674
6552774
876527906
936192465
929264523
882843563
535465194
498001920
670385286
346757635
547334255
317145364
952548294
960611272
174235218
484345976
72536776
905746075
450033562
558021727
154979191
35148066
140415698
281294621
184366209
471512465
264187688
38389943
167519796
589740656
639524839
617901615
314599265
344
780933105
579635303
870904449
440667214
709111206
489332427
818359465
512046534
984613140
757233173
988033650
737509526
127657517
368960777
317236270
814329690
150670295
827957273
98244632
542751429
407731566
414748843
619648479
124197706
184731402
938913568
219872631
331108770
203737897
737989467
542619539
579744576
110451309
141576493
350608480
396889088
276624083
242144960
402828001
798061713
412694811
634606464
829891675
795306526
310957582
501746091
774477429
592727198
138305218
50515490
72627960
963882688
734666559
364691591
212449204
753341348
453452517
641266814
978267601
204982739
153097948
27886954
666839186
816843200
408602916
120091870
222995497
639511724
376164743
956240623
797503395
986557313
900563346
917249698
867889128
951022847
87611101
354873932
678408277
589518835
965774220
209190750
137988966
330015440
334625314
515019952
294290042
305801554
21895342
732055230
367367105
123663965
483073636
397746430
41651370
775762872
871562015
333775447
418961902
958193613
306216980
240376711
153554232
616896554
137126661
369451754
648932564
917010837
448416408
498573299
945678685
500339689
603171592
82416321
929710210
549119564
692136434
528996658
409966048
896489549
794854451
244743581
664479203
709590613
922614857
114884623
724266196
307064522
825514113
760332793
460510183
594866770
298536302
418070797
713828522
141996250
253273450
660163579
784497127
423760753
230513122
249889266
405359761
943870830
100701824
197807855
36117068
839940063
734309606
611262831
202980237
187342609
318626226
841881397
930673783
553323029
24112676
758510746
166589603
681466146
371408059
528548781
950367633
188057610
159404551
404539270
688056045
3686891
900414952
300262843
958684754
710558210
236029834
158090339
66874992
127142465
357299224
558965442
206213043
688001351
835968062
586463282
27502248
92639886
132218430
203035879
967991448
755054849
539905298
404870232
692484327
576366598
710429481
27142903
67766670
801613327
904377725
383649157
10808350
256731213
992884853
220615562
383481792
960852447
637715653
342542803
432788285
779445170
605798956
488840105
150305466
588143678
157781443
365238426
347887732
925401961
950775434
861757301
387912213
640050253
512891446
962460885
828448677
304157395
725361223
157339388
179378662
675711862
47044267
722481192
273281705
895290081
491811088
823640535
995007502
8348696
819531967
848910049
772385258
437969521
374745932
546982210
237868019
904404222
460169945
457816097
791108197
496835222
798048686
264198481
451420168
66218573
935702946
526174183
105411026
957965484
501884622
632678319
922522073
715221409
664350081
827598752
86275289
753567215
358082447
370760087
764893442
137979269
892045678
325621628
754262556
682347778
776876935
611297848
42312554
836226008
609547090
456384835
574107384
480583192
219590283
621174777
739966272
644290208
902715282
457175553
277432910
829350430
338890004
869772177
554986291
855465604
853012043
481679067
325549645
144198928
72579017
664113903
963433655
574529799
103419313
249484735
188548497
102859412
597321530
523429803
800491293
137351948
757394441
644016898
49123204
438069631
444770159
25277903
561023800
502743214
82025970
313934648
785097207
906890487
648750105
881111804
436259416
645877142
690959826
772714595
842413624
772239816
418020641
232900793
49223672
805103994
404853737
377214867
903166872
980257839
144386540
590773790
617902425
741357348
511017278
691414527
466767417
33076170
130485574
663859444
58509917
376591418
903737854
119858688
451572648
71129516
778405416
342893890
299132117
703415119
642534701
677029417
321593909
932710910
120086570
332577152
352788837
125284572
270819525
871587268
372233529
799036650
944025064
223510417
445381977
41303325
65161894
725094273
745666823
704171168
538417691
144099766
190448704
312978006
764099777
19563384
378125847
14517151
658455886
348646221
239322741
488149735
522442176
4026393
784426509
416891526
522724863
653549934
733942748
800560099
2290327
871952845
994325438
301727143
367324598
817870466
390903492
963347909
186455975
776126664
162119520
315451467
633557823
294035577
358872203
7870813
639564177
710570627
292160157
564092763
29415917
756971670
184916514
870960414
975172945
937778867
899686174
879032389
959975328
762781695
27538503
118743912
483164636
316792968
724586640
157727172
252177542
630981709
716698323
413863614
671923101
628957727
148721726
825769330
216748980
765773387
16422378
201753487
164168396
581975650
533903051
153319372
182225653
549684987
687372106
234765561
901711034
889780873
397284443
391008749
33925992
55459559
282568638
420805590
276628927
701575854
58080813
405814592
997900237
915412352
24690039
231839317
788026581
497039708
578718234
419525652
309161586
618383342
650951887
653997665
258728820
641827821
768177491
630927927
777563652
467111146
487023399
278705607
682488602
524755878
139071597
837359964
372079582
427935465
183590199
508791490
334865593
168859161
836111330
14670913
582253000
226714591
912277374
106520754
979826992
784588143
260314523
77743297
100796052
845343390
534802615
987728510
298758176
609971462
211118123
885207495
706662549
419235675
157165977
572788313
463841758
916944636
647068658
428348249
257758878
164435460
233045285
205582416
333054197
359761124
48264956
975686466
144366155
782686611
171508388
785930197
831078443
407798025
279403569
307015891
704600272
876915926
595181240
796166697
219710324
32043132
316991856
47730679
915391333
357776398
526894026
883212066
270519141
516749249
9029937
947316272
705989757
542964809
804904592
91355687
441048846
525068618
398359398
122314617
582894571
91983918
198828515
932692495
989556303
340000649
548601207
926248989
174155103
997865991
407299988
865638867
599096670
449525210
401818900
920781078
205746886
629598775
142662458
171902028
367697895
677178605
257039754
263056768
769265683
345616188
679713457
377149352
218904715
251500234
631198921
824926031
988643726
313029205
451176134
769629194
54331350
207898509
763704554
558926998
180057100
561803602
134164152
212836194
969880577
541879702
275892500
57917141
506413465
500924027
72048135
368265437
78042339
999328771
444740057
745791557
842003153
769918416
199289548
116036580
249414398
963699661
435005148
999247627
870555611
602255600
217686419
61423415
121459717
725730503
676413309
877759411
891093916
448425440
746666400
861169575
724709580
113694744
616189490
16656703
716974324
716679112
663006742
900190515
560547813
768239102
249991715
881978944
813999001
779841271
721442074
626734546
223722819
120445567
370621848
481746696
234158332
587418577
730797598
24025830
269014992
767591890
82650859
141613092
11558703
993265492
690575664
716065934
735757847
685754955
465365278
751680575
249558304
187078155
271116759
680045665
115194090
201125897
418257001
877625013
991431574
387437263
20650823
817897636
910080498
218976680
378983839
523053315
791629014
608422370
831413841
858152478
195294487
662181588
329862531
496118797
739806420
996914981
158494675
585256895
586267075
570717550
1184770
758362890
363351260
528703267
249308102
513758165
300919651
895917285
213643414
329766568
330192476
785652046
31865238
247324302
587516388
356363621
951300403
952409713
450279956
968551236
406767566
836636685
816007196
615071489
575667840
166113218
663024961
333475508
431247087
133808145
911067272
36095860
45356291
459036284
555756079
643522351
867903598
823215467
314195247
664742945
259676810
876385513
730504571
917191428
509909705
895227330
290876527
661877424
503552891
377574736
173168906
140979690
406310668
252746842
664170592
221438062
803830862
983340947
435480375
280885224
133220047
985500927
523501671
584365544
897932371
548651776
399762457
349958343
721510076
818320290
858653917
152337580
584126418
413400878
32995351
163768532
523520352
664298603
915966066
704692864
923535026
264796268
702672898
339908445
175920607
6409655
647415589
447134666
95229391
476101201
849569391
151211097
482121875
276850363
412771707
121778901
906445359
528874207
700564902
791353717
15481057
437267601
468400321
53589640
340306521
153021128
995198587
606966420
980102595
42777548
947704964
308573276
230773739
261276335
286467248
436666607
742979793
922505936
375325987
492035152
788450739
99491195
402943015
811608231
448069148
323209848
89886780
39924795
720451094
765097505
558622064
466688430
409618803
200110532
58256324
614979840
748376365
274090547
919193347
249773534
419789220
66465359
862098391
456092113
152638
495148554
780384348
915086857
640379642
680022015
583115238
889901734
129312148
248244263
920593196
667741556
811145988
179763739
751685910
448085217
114334798
631798399
719584751
730212273
239950062
980096434
377122890
326735977
439505257
108922195
705149225
605511081
631033860
223801351
60929287
556047512
466035371
810732590
773364024
67384057
11702601
346777329
329705594
691490481
384433012
260504059
214493623
449925753
632671991
932108355
359980883
123468561
459979459
659167358
821223589
266647894
897575921
514025496
620491830
878008571
717606462
947668951
656231657
392028300
106486386
703841349
390031227
618036107
41371223
58557794
521918608
251170227
4491199
18881225
905922999
664758518
91344663
901352190
65456768
150493559
111018642
926457733
402143685
919617387
413275079
843606223
557217368
102902138
912235900
992870485
202178621
913914765
910800605
895629281
84404061
66342591
154017104
227406960
350647629
166729504
175503477
176868665
293653126
835221096
256381430
676354134
501316918
370153851
708189387
180758977
246714941
988305584
868192529
545505935
541875700
482407479
753321183
123732182
554173423
373897874
648695422
303867152
686783175
288342548
579975702
699192980
602873142
308834972
677136505
6541097
544488517
97664018
57126794
649478134
624357936
391236038
540162022
457314757
802664092
442280968
869093313
535262065
496938363
417715944
873654217
365073550
805155751
578421338
229595478
495180876
749955722
635296319
426615117
758597855
982163977
344826133
299158529
192534432
499969218
560604631
757936234
174234896
463828634
975182510
228577242
80360695
820541237
46344289
166586645
563975800
128013625
590160764
442154570
945763621
64559265
324247162
661201894
732859085
502924285
270032083
887006776
176460998
731558926
100844086
471229645
649608777
514712112
907132694
36866158
519017176
809879441
788585228
372555676
297351143
489996371
761070626
900536257
891066204
472059128
674979833
2460653
100269682
991613142
166235212
938661142
444056229
70327176
931409640
81292604
13006746
401652840
919828809
586520442
338576443
961840576
4557215
390360149
260336375
901474471
523911310
700461984
228928377
81437157
709145037
810748204
294956421
130976829
518292051
572586132
290142680
925725397
386104261
753578878
982157238
709041896
84331513
6707249
749485927
354714416
839629009
567996363
589614473
495272666
186174394
512856416
320263844
652539001
813792328
279355163
117119597
513750067
165750926
126132152
860726358
35021325
478181831
597911273
254581720
987792255
198827480
726912578
827246541
382247659
43673673
339134975
530285296
835508491
312620821
215677693
881043794
53854990
247696876
186225808
185336256
992335803
409327775
579306264
762083884
568121359
717747795
152846630
371561408
686866794
915866810
650646288
105805539
586114960
419529504
877042526
815366506
619710882
626983485
945610550
216005742
336291363
494710185
398521333
96123508
328569105
772411296
185373641
36398915
245037031
376948758
138197751
846171471
738090609
405103742
586619996
852875887
909677093
574846688
131825964
70107026
939330248
379159060
318321515
124233862
588317426
203372341
386904270
703179111
35880174
623405567
658523175
750715523
852209474
941670216
773998247
672420883
145287545
754427243
795263170
589495439
487821402
506526903
359023585
697367651
506678433
623953268
823720030
72019178
158642223
585140200
629962033
395992512
175552502
92220942
981924124
499209055
691660618
41805477
463624116
302624616
767661354
525313995
441370931
187630508
652510820
505810366
984891286
979952286
596382169
965093175
162352024
574391754
718940125
159236892
933888100
325993995
562928506
323901856
620377603
28200275
486036706
692901579
685143865
950335402
827567662
128611105
651136306
135854932
488812018
981574041
740277977
830013393
295024970
583177938
884397940
469966165
223266677
384574695
544083956
243132496
378177221
322498219
19321675
373313856
412116544
384413422
331501673
486347710
440395573
61025628
891052874
96685604
335640521
272653322
235005709
706314288
3184747
986801074
822749220
711735558
382133413
145988099
498688625
316372906
158838185
666486537
433938388
862517624
222540063
753405558
531983419
957628365
339719023
121755024
52190529
60378097
325039181
609383785
436722631
501719038
186944348
431637422
939570192
364724186
119119148
282760510
550684565
767363510
924589564
173227089
428773157
551676178
141674054
862602249
912734296
167277517
424402214
339386173
95249465
75064021
133292180
305398142
792781639
167392626
795671608
878730605
549235269
105010763
466886022
423580459
765192733
580733977
138804638
183339024
316221379
26294460
83450516
70035913
393497090
115891158
902038606
931150199
307848824
352684628
779489984
547437495
240622347
447366414
348850250
329642740
115064266
399435534
298211197
272722792
274626885
246119883
893260196
177044182
676238741
893672276
153334135
343139588
486428905
657334771
279093140
311881275
80878238
426265143
215931618
814820432
357649809
102549612
502274836
92308146
778740804
367736177
889322124
692025599
678819674
504250093
727746658
903549861
647470019
560089489
829072763
465092885
370951656
320696985
329710934
75732897
693341052
142685845
988173194
97929544
703528822
371513407
455086883
801525098
716275096
774377838
544807516
358976758
725476028
103468558
334756089
587312197
999796346
284918878
188356382
766618356
794346587
888942258
684295495
684736436
399912146
116688303
26017649
132178494
21615230
203860486
329331233
591860401
121453011
570669825
860927679
202727007
629649602
264650514
498618366
603309195
111242394
193050669
904948329
321982625
760759860
216183398
388161084
769269603
855786976
124970268
78733486
156892604
773806039
4101715
964527745
748314391
559408889
656130996
796004154
762004624
312094224
331863497
797115369
907460679
725219360
743439230
241736646
83021866
280832586
989148039
751830132
946211965
539301306
796595248
954041381
770899027
94028309
784066195
381143051
912630374
564558614
833610156
570002068
116157971
88033635
576580637
168485846
224872332
199565259
670960014
638577874
278278070
280885777
594745888
19870330
985304438
721934256
673153688
411803071
240667078
424564993
168650928
315737454
400215809
720110628
32815645
700593800
958101568
471447965
965350968
775147014
4046014
252469129
895175028
248154931
885035878
130905874
166525871
837916239
762996056
868039768
236692723
18397440
473781937
993935894
704960745
474706675
572658962
288872716
890150034
380618147
144902816
459898872
990308977
609493795
280301827
365300040
997527198
184415589
264698012
839091568
17649079
623309087
303948431
98213885
845870091
867271313
485723588
845807325
655468976
54448857
45738800
615396002
234015051
914958049
341513602
520393548
135651056
892675967
355564366
607594042
936582363
97438288
457045714
54002414
860366629
667073101
638765404
821530659
57066008
161741821
174391863
547878474
390826098
173556049
867264664
43721908
319436216
535217127
366714885
995063194
97205134
918427212
66218738
965568926
366925442
444874726
251840521
225602715
230960803
937428772
348868807
950831678
111320206
351993054
877197325
514017828
722912264
134460764
162493461
13709504
188317303
225013469
968957663
409897469
278436226
947679282
132523764
378595391
246346725
70661877
801909232
47908417
134958752
300879290
216177098
511641734
275348476
770589855
197724297
149740833
147997567
391982181
237295642
443422354
197975819
848892067
896169966
829593700
891720679
164968436
18465946
790559902
277872121
987029456
148833630
221088322
819974262
60393632
674178849
472611986
670211044
314996888
699922380
724007862
308806172
930610809
88720314
555517338
74390718
342985558
138122757
775420606
836891067
649691935
170676853
486625759
880303880
768739653
992639726
190498220
108748468
59747512
67391766
985647941
705913199
544886678
542099259
953720727
778318091
439606093
917651395
265249839
79974280
228330270
394310285
185133183
762278553
315214708
18249050
315318089
599302143
774005401
961799869
220472566
381336726
751137881
147741656
579843799
911278563
742408339
988298231
267119426
313082578
510801406
87322579
12479709
968450239
454101889
946585181
775775331
138411470
463429822
622670781
984056561
138075777
969979853
680058812
477329932
243833796
886048849
185437529
625448734
600880223
759486703
594142808
604047514
351000329
906925403
202902161
226840580
259592795
689293570
998945683
16239048
965353994
670326929
614641782
426358433
302173038
942943895
596673349
360609473
727007263
99504541
33965831
671057740
185098502
586473692
569425774
29437864
159604786
356361796
96675105
176915973
188394732
66400717
420822610
908632809
230136700
73454828
751911189
342549517
228712827
557561233
955620213
248377126
772573959
877986870
306057089
992721239
661608394
647093778
410887749
969513297
235258138
699291076
253379364
449611587
759970250
683985903
788500631
107259499
161478232
579986430
852566725
316963405
936373955
308293064
437546395
111072614
746724027
392058705
764792172
183261872
609772530
942506944
891710387
119698368
885407718
322091606
935586417
790338786
412627032
783285729
202891185
735744236
985043262
979995497
28543443
461173562
287094520
960490043
583291074
525628101
267664231
412395188
702752730
521951387
842280933
550961160
643329949
868291111
73595405
143190925
242357641
463776760
632849017
769688143
685202507
951135928
211080793
255237640
911572874
988641928
530985740
503777265
219491458
250646664
354089551
247610531
863485760
25021294
153723
558381104
300167409
971825795
422863045
925040101
488951815
25967516
424580845
322029586
827795266
72487366
732100247
496141567
584976628
999539600
780814863
304054694
483440156
275039414
196006911
887417349
90755899
858527139
724178416
111359073
538003008
769391087
749089064
535436613
124654271
937736732
96720044
342696043
530585667
641845448
115969798
362089356
202154935
330493702
687906823
676747481
571556366
567267673
872506753
650009646
42586724
465939503
209987405
76906951
853657617
844896712
491005612
900978032
924915078
233551477
41462951
348771191
898058980
669334892
253766147
28228179
488615754
456855306
16408356
785934939
322775739
471442319
988972169
700576647
210994583
210968277
729723150
453767546
924760434
57391290
238666487
343324483
325422006
844649518
309306373
191603791
935831535
772935987
651055732
435380021
817817178
520679471
754669021
391052679
561167744
348296693
264854022
76622987
901842732
11398458
39893181
952983577
523570429
80444565
150712910
341134949
969803001
8736699
729983333
750508769
880227706
800215130
235908449
273885956
707230770
862792106
411041776
397762975
230020508
856417146
95551864
626689477
274112593
284035072
44642914
170786261
443229084
704838171
264228434
459261899
628553485
94504068
607118864
72751434
361923038
169676838
885113346
628740986
278993395
146150330
806445106
282631933
308537278
732547975
755517548
950967436
483728149
529082946
366108686
341175304
569849754
527583677
911916514
837905934
573423473
784274465
605889175
507555297
734924651
915707384
974693759
537524728
729128826
941771538
761711319
546584207
708132534
170560094
128021119
102033011
503115093
289613550
275608946
399194883
63185025
832062652
214321874
811791469
649713201
810247680
142723855
922959889
826399432
135944961
346769948
613974704
831608167
940090401
14004899
834168036
804982149
868363066
425323263
656006273
513555035
245482697
180624416
348529726
870747801
898965690
560150558
638640493
790198604
353368551
447412229
31686024
928075818
476118394
368894532
64292091
220674235
655751327
75030977
192241428
779552216
84941061
698718641
933412098
80240609
822488079
944723767
45466047
722577564
327443799
735883241
446884670
469109481
652232934
779593677
722596884
157263266
303658416
601159546
4583017
490378121
559556731
434030704
911820879
883524985
478126243
905285035
246912065
85944309
693201392
37259198
706815540
874207545
775990719
570189400
564159191
611294839
800033180
907694302
972207875
199566134
483912894
110843022
262538453
287949174
682939079
213637255
690891885
882900064
869539700
79407590
162097426
572755280
153966604
452398555
475841581
230616075
487887252
223361975
686947034
429381912
310492467
712031173
317356870
934500089
389397275
187264245
381891383
377467312
593210313
305406998
592592803
102670314
728849994
511981174
965718694
346864362
947308273
560896219
548565228
231932825
110236405
824235480
240284561
367396710
48482073
607699775
477068596
794186799
388794688
368604415
876210308
542846357
741287691
277177044
243350327
492349051
190939938
852480072
940171939
40583077
324505820
519123512
693982425
576971011
772593715
705585099
806165176
859561731
438798576
452729225
103940431
227279547
218941281
624115807
349489684
477196566
954647922
840497117
492368981
975236639
419131603
653001372
943793298
844682042
357934244
553334865
176001130
935512953
862491743
575152376
455949924
208014665
338165627
468034771
281543043
399626116
923337414
555665639
816259189
437040890
643426984
71252034
694332599
835195487
714211026
705287827
595620134
993713308
591620231
615521638
730686879
661908095
747713519
440255668
945956923
195293183
851335903
310117165
70469452
658023248
505930682
515712131
253947762
695741415
31719291
850675136
707688437
330730482
159785220
938419028
911680157
510420648
809735988
72289967
115616449
498770716
432927260
661994413
290070800
725265478
373247076
394517631
169558044
702670101
766610769
232745297
94831468
77392826
711945612
196294336
29713651
112400006
356490407
526338525
816313926
258532087
571618181
292660173
547941129
306879882
212597736
273335980
859905510
979806214
528509674
784324272
87122291
231234141
994254458
217159092
948646844
940525403
869631238
214087679
441417551
186757516
257040065
12218084
563416606
698410050
581643087
698589085
186540438
75737643
459283796
300266920
44472230
952000964
319314929
761424390
317756307
423321114
233551979
342333730
822557317
209662134
768118057
519705457
135123316
543307366
566277310
72941919
180306400
928747773
654018339
230402352
313333924
564273981
845484566
108886272
813246226
600262790
105444234
219331470
594782659
669683151
513660465
660826353
290558506
321976511
891067721
379457087
308701169
995988546
65713419
188901886
797168327
904148040
314180368
143557429
81414900
287464946
762047250
50885119
738117295
716984046
606908872
508728922
783924848
865610572
641619195
464695248
464225756
615700072
463572611
253374068
483752111
440870509
861481586
785082640
462725943
17864341
654357280
992609524
581580184
521324369
985940006
111107778
583228663
664640439
771432218
819487549
961571787
365495809
812800757
307530044
501107446
522948440
370394927
283026324
735514413
102226129
889086456
721222335
194656799
565351797
950466173
993630947
73458517
869687848
770703368
641897394
185110894
836304085
546051655
207547047
659027417
53471940
794052337
195314013
90647628
333016415
163199490
842606865
758836399
927625106
313226567
270453827
448701536
97517374
322408981
632201001
863075621
331965472
548521567
122831091
965763275
856260580
643093113
22467728
358728735
360886860
298248513
229097015
75349156
773344265
471151068
448684148
175913378
762460965
855348585
598200766
574273403
595265775
79557420
32198669
534500295
81949315
234287760
551441170
94792059
21424748
109477809
109751467
732899210
813115423
875388955
993612586
706214323
122926081
854604931
374041334
766101762
754132163
139453532
745839274
880776095
847446498
855808268
150426563
393626594
158447632
334808306
31360060
139447576
52034864
236618245
288260204
360547095
800697291
473767084
961088642
296284098
598861960
279340790
904152140
226522455
352054649
37268459
505906418
854338876
513323575
69090380
985035848
584278485
953974397
550927683
947917295
8861600
539236778
591873680
84361190
479491440
859037571
785065642
460128541
51284481
640942301
87285234
606952493
609571740
456598466
989579001
767858549
618957308
52459993
8024031
248119106
510446639
671006185
657833942
788025723
445076844
187158187
511905432
28241231
85569658
660834117
409280205
882286425
980032612
276132213
259177255
393673015
950083755
661703168
571930995
591969830
134844936
620030219
347752955
102084254
497524242
676528112
221686841
902344237
986514442
429195355
512380641
571535830
554087752
494720216
189023365
608443264
788374904
421594246
993442623
516497009
57657696
436668028
331692751
645206531
174409541
338541884
874472447
492031807
908224454
468065658
425973208
706477841
829794767
483619463
548954886
809777263
369498709
540954012
389009438
559374974
612277890
759133894
500943246
360048868
538020475
936318573
927770194
224285326
510050560
809359738
923983697
403446913
544875334
588505260
537954579
257545647
345080046
786639801
304378828
727231970
601551151
933365557
278230171
527521619
51111950
158268819
962732638
138438922
637859855
804371558
722117657
334885243
418303246
473280048
645710333
232002346
696905527
802372730
637445342
350499311
489112855
163788792
992337123
301454609
227141764
647631804
445215069
61054025
256239718
825967690
988948075
434198251
170142108
890701777
77659312
779116932
49479348
121727875
833991701
161208624
849988007
308712067
402907862
427996700
151519954
372346709
628740776
601248676
997128342
558322604
7918414
36025454
497031738
313989723
471075813
733916320
691168947
391369569
848251026
107338045
38227261
776401231
170486970
961888203
279253850
943107053
951884492
770780598
392589126
723962005
288854650
756280073
261972030
817472213
797316525
370492949
45008592
750946512
74977161
475643478
95342100
410266615
753355763
235938771
435417052
864541339
597781360
228272137
459057642
838989889
108508745
705735764
619396835
18416769
551260590
478134619
617699679
616702528
129061748
46656733
98737120
345145205
180220707
395613400
130406788
137293911
694577954
492470225
367163894
996773748
27256170
600055750
20153337
334109267
482811818
49856863
263330516
644091507
720638648
667636559
528604650
472996694
956934803
583958150
71435320
335355966
182330521
215184252
928064341
760705227
416848921
945197499
639135490
430256196
187642145
804071534
647939130
213314151
153193761
553879130
370395807
991679225
193487253
693699222
245891122
551503567
793199366
803025930
376715480
601895873
606460239
902503208
229358571
454117373
488289797
909806651
478164905
399548452
816929077
970509613
406637296
909470322
564249226
761814422
117575424
886921542
531753525
262888644
861482417
321394407
542361233
167623433
151805194
337277971
140245575
525362629
505885504
140894884
557653554
3671482
808221430
276694783
411280795
283691267
599419477
164060893
166203569
133536561
538195736
460591827
900140469
800554457
147473348
765897839
188067173
231304525
353589594
713522949
463215379
350300683
696497062
584031459
547932776
431830148
74260232
575477965
283051425
895307388
77436778
294991853
785462386
316455199
393740825
141124516
35141574
628232727
863434995
735299270
366184842
79205443
284207122
778302919
21632203
221374701
506904122
860835833
18786085
38290198
960060723
597772145
451336259
107035841
264861997
449475578
458392388
509205022
431898599
380524984
933005009
369399414
971961911
750940794
550384230
831255212
337579245
800994652
691921270
584348057
504350995
32100678
694564457
869226698
200950422
593832082
668101057
481931875
552076633
574785824
806129623
154867955
870749689
520062437
639630026
204455434
607382348
418231661
941669419
97439872
206085798
275493836
47241551
138592499
409941260
801040802
436322388
316551623
31852508
673629503
4914000
733361261
634740641
646809141
41454883
776843448
699833412
686038893
54772012
1531387
855608021
464644251
360712474
528170815
274047944
18040530
336496349
682393868
525547729
348579887
483584034
426401327
646718095
275598545
733665171
837325312
64831427
244519204
458976953
57311334
835203646
843958138
915181932
71980614
463628870
575281153
471796845
245608054
692834522
182628595
77579155
430253929
391280137
659564956
338844018
845788243
267617229
146192154
737333351
719225723
103768408
918895017
795712953
156569992
389494873
892313323
605752734
637238910
821292250
389652921
714939725
200719583
184297959
344152364
193354489
126322111
903937691
769106286
574640474
435831967
593740686
796169953
399082754
527351991
875358641
700000056
618764860
836921638
745658665
51713149
185817972
323207095
688026178
144235230
300845950
226729711
675398693
955239268
537105896
309521549
711344158
503650452
5391239
691448954
193427021
439257106
914193582
833445295
95695151
477148138
32962555
309085470
687216301
196237208
551438077
140451281
744901631
600655628
682339700
79096376
196462435
407183458
903905607
664178216
697073838
199975913
143592548
719583150
719489092
183115687
358650193
919922989
145308328
431374932
357494244
177529366
77225413
384067470
145278467
844190700
218134939
281888316
798767581
762712487
747881804
471698887
239221878
556428081
867187093
763134113
608980610
223312409
803932431
480552990
674919381
126351855
295741650
974358004
872405891
866263997
396170812
200061100
500659425
769375293
216071633
524977688
44825503
191785580
47056794
418589011
494487218
421248741
24410259
432604222
350256917
746857363
812682246
249805597
727708131
496257339
158413868
774462882
147711900
696174468
650955365
402170093
528175960
182996673
769294947
989711118
550259686
658570219
523277702
827661139
443506185
300919587
791294211
71447369
851466043
589886100
789149840
718807331
442444199
637331043
600163883
156283642
977654550
347897814
186360197
273074886
118732324
851048590
865790081
156629094
480502539
912142280
963618525
687714630
818085050
169166658
630385959
330649932
572811369
335704253
194826406
54386397
317246882
793110406
373562155
484367027
212666250
686091765
805482678
674334846
279001067
466168544
22590863
70117426
547365581
898700726
664730126
934449521
626489320
613282552
95872655
440296947
375672396
266595917
701486447
488763239
761915717
751979589
52036230
8055420
562102582
750240208
209706608
495721990
240319091
977076292
742106526
45692536
805645836
144034758
768399375
413167863
903629756
122888955
839378439
899514262
588049510
343086715
108174600
554426485
569472115
3704880
54170849
605780473
173001163
838308721
888482103
879795543
221230897
46835893
225628106
292873289
928318036
364960556
469096414
332549950
237442536
976969084
567201919
258994909
676075445
683714360
388321527
875058053
372552412
567049953
164693962
27393235
982728153
2408008
66253213
